1.065599017017613165e+07 7.751920289035105379e+05 3.267789102228266711e+04 5.655611623066035827e+04 1.842196817103250578e+04 -2.766554590762738371e+04 2.305504576125893800e+04 -3.937161563930629927e+04 -3.154276981340361453e+04 -3.953844347543401818e+04 2.561399834556615679e+04 1.648653318919261437e+04 2.568390653469203244e+04 -4.050395724240840082e+03 1.958204948936852088e+04 -3.920483957983360597e+03 2.129892264306711149e+04 1.178171484618517388e+04 6.339049625098780325e+02 -9.798713825992872444e+02 -1.750313891810329733e+04 2.608360238723722432e+04 -1.126290577581279467e+04 -1.241746523558543777e+04 -9.567178333631845817e+03 -1.996927295583754312e+04 -1.930334771349791481e+04 1.687913249495399941e+04 -1.486772337036869203e+03 -4.492933705152775474e+03 -4.212218938952380995e+03 -2.076154893950267797e+04 -7.233197713214987743e+03 -9.070771767776559500e+03 -5.166402010836458430e+03 -1.060347353965733237e+04 2.273335728421937745e+02 1.896240547976216840e+04 3.497463950495440513e+06 3.249663153644906124e+05 -1.305552289164311369e+05 1.939988611053010682e+05 1.440527415535973560e+05 -1.029022491325678275e+05 -6.016459023298807733e+04 -9.988475257477713967e+03 -1.136319241077146726e+05 -5.601602351658287807e+04 1.118646193792994454e+05 -7.011361102219749228e+03 1.526737361462742774e+04 -3.156926240642297489e+04 -6.531915006269379955e+04 9.365553105825742932e+02 -1.501202786520019617e+04 -1.472836741694762168e+04 -1.634903915942860476e+04 -3.685391722996304452e+04 6.932780470433062874e+04 -3.851553517512563758e+03 1.915102309073647848e+04 -2.080345886135255205e+04 -2.372338808324513229e+04 2.737129448270175635e+04 -2.897126283750452785e+04 -7.694173052913863103e+03 -1.972354954136271044e+04 5.850615138339236182e+03 -3.596729347733728355e+04 -2.196443925266019141e+04 -9.783468511941142651e+02 3.163572455459264165e+04 7.371606809470720691e+03 -7.718165190258586108e+02 1.107661596896800802e+04 7.714346876784155029e+03 -6.169644804215608165e+05 4.069137338535766321e+04 -5.010141872757699457e+04 2.429791841768034792e+05 2.231599241099520877e+05 1.104946046955377533e+05 -5.039352604881837760e+04 3.400625856806086813e+04 -6.787129872488559340e+04 -7.488269368660522741e+04 -1.133968459066534269e+05 9.391328313989570597e+04 1.979215860771298467e+05 -6.481162070475872497e+03 6.886207433616262279e+04 -7.054370041781415057e+04 -1.092851183466592829e+03 -8.862301907298617152e+03 8.391974545727338409e+04 6.307246092298021540e+04 6.557045435944818018e+04 7.506713501028383325e+04 -9.632299277769467153e+03 7.069513735174805333e+04 2.701402406343277107e+04 5.082267536061302235e+04 7.073922478551307904e+03 3.596158416932700561e+02 -2.549343898982028259e+04 -7.478241235468650120e+04 -1.223967748598244361e+04 -1.557338737961455263e+04 -8.001675572897787788e+03 -6.348488429142176028e+04 -2.678812774336049642e+02 -3.796270101382603752e+04 1.220621780457433852e+04 -3.855004985863896582e+04
7.751920289035105379e+05 3.668875856194919907e+06 2.294602456530056370e+05 2.975290065323932868e+04 5.811162298553243454e+04 6.745305377146422688e+04 4.513550760943211935e+04 1.724288457361783685e+03 1.059537949680828024e+04 4.231035169530827989e+04 -3.432365180700156088e+03 -1.125824417686607376e+04 4.290032187857766388e+01 2.826476092867940679e+04 -5.235895669127375186e+03 2.426104964065359309e+04 2.168507830618252410e+04 -1.416502269915416946e+04 -4.939778326816062872e+03 -1.098089439467134616e+04 2.990225904400800118e+03 -7.021515746943908198e+03 -7.254214922459504123e+03 4.945054316126190315e+03 -7.588028482749062675e+01 -1.128780432634801582e+04 1.113742114202583707e+03 1.054213667054838879e+03 -3.031118234282808771e+03 -1.252183324230852850e+04 -4.183699552825833962e+03 3.806746940492651447e+03 5.011794161983360027e+03 -9.802708649559004925e+02 6.248454548326059012e+03 5.964558041462838446e+03 4.580591061537336827e+03 2.123290659551060344e+03 2.519949281590130995e+05 1.315745003598441603e+06 -1.207370063981836756e+04 -8.913698978520337550e+04 -8.180353214513228158e+04 -1.288677823687139244e+04 -5.756318328660724364e+04 1.183401791084404067e+04 -1.098433800254759262e+04 -4.655908816293002019e+04 -3.211729412167514238e+04 1.793474791290797293e+04 -8.029703659916933248e+03 1.044752097721927930e+04 -7.762949506118144200e+04 6.537131152659023064e+04 -4.362267954002737497e+03 3.000108191030355556e+03 7.136974241308226738e+03 2.183763552427623654e+04 -1.824942857108923999e+04 -6.453359284446713900e+03 -1.491245856479567738e+04 -5.639676613253664982e+03 -3.480417009208722448e+03 6.545594210999973939e+02 -1.309009874985028910e+04 -1.342845395843098777e+04 -1.073433159466319557e+04 9.426209837824475471e+03 1.178174877052304328e+04 3.695798284038493875e+03 3.264731332545851183e+04 1.026209563018593872e+04 -9.407217240656387958e+02 3.598332171895881856e+03 1.506238187151534657e+04 -1.999363932991398542e+04 -3.665164238570528105e+05 6.598500887773148715e+05 -2.228124513201790687e+05 1.828093663572021760e+05 -9.116073710430032224e+04 -7.527949993941896537e+04 1.045001926208206423e+05 5.160076906999946368e+04 6.052226366368895106e+04 -3.061323109159978685e+03 1.255491844901214972e+04 7.349065690784956359e+02 6.846896782744480879e+04 -4.199906179279840580e+04 -8.060215626021455682e+04 5.543924589814836509e+03 -5.758888979715823370e+04 1.101803979232531128e+04 -3.437116649347919883e+04 2.223726483627796188e+04 1.251817693512746882e+04 3.055797684233133623e+04 2.019185796318668145e+04 3.230506974298463319e+04 -5.390657466847887918e+03 1.705821043005082174e+04 4.451925315049593337e+03 -6.025564423310504935e+03 -3.784298830700144754e+04 -2.213954762996406498e+04 8.644047050650793608e+03 7.547085430531702514e+03 1.309082033727922499e+04 1.250037292375469406e+04 -1.482264389676241444e+04 -6.075314012878409812e+03 -1.645288556638476621e+03 -3.910601459592583069e+02
3.267789102228266711e+04 2.294602456530056370e+05 1.708259829145171447e+06 7.099394366033021652e+04 -1.149478292854918664e+03 4.458434763717758324e+04 1.457985582219476782e+03 9.058961369392471170e+03 1.184894014790236497e+03 3.771812638622821396e+03 1.771128016555067006e+03 3.079051189850739684e+04 2.136439567894156062e+04 1.863826351150222035e+04 6.920895088423377274e+03 8.513857634377553040e+03 5.030774952143909104e+03 7.494941440066304494e+01 -8.805186942190927368e+01 1.644285451176576771e+03 -5.877629624529623470e+03 1.457005023805241080e+03 -2.298620392178373550e+03 2.308425099541682812e+03 6.367859248662412028e+03 3.719598057212184358e+03 2.354514855313076623e+03 -3.635443055281084071e+03 4.367654716383257210e+02 -1.605583453792843784e+03 1.868454119776821017e+03 8.304580531352125035e+03 -6.794993117012736548e+03 3.764831006109874920e+02 -2.081624673268999231e+03 -1.402717371998465126e+02 -3.590730797371926201e+03 -1.837657165903238592e+03 -1.776322002279671142e+05 3.420804960862695589e+05 5.131764101278203307e+05 1.179405680318946688e+05 -8.023672149834023730e+04 -1.565124339038634789e+05 -2.749494894174286674e+04 1.843672961752141782e+04 -2.869522302451415089e+04 2.123124215011454726e+04 3.463486696009666048e+04 -3.952433508130605333e+04 -2.212826284882863911e+04 -3.249908461802647071e+04 -1.457956207136588273e+04 -1.361037596901220468e+03 -3.070178241015496496e+03 2.243712763645155519e+03 4.818723648005235191e+03 -6.840743223040563862e+03 -2.126858332803845769e+04 -1.155617297467350363e+04 -2.299311254153197660e+04 -4.720329095181322373e+03 -1.062478785744145716e+04 1.683824270149385256e+03 -2.132988149055332997e+03 -1.336735676802087437e+04 -8.007277920966290594e+02 -5.404512028243584609e+03 -6.258863957307461305e+02 -4.762944878212965705e+03 1.082938836808804626e+04 -3.616494019916848174e+03 3.468984329887340664e+03 1.259017237577302876e+04 -1.191554612064973071e+03 1.067647672738617803e+04 3.483039988049678504e+05 5.514564285062078852e+04 -3.846007400065640686e+05 -1.329942737063234090e+05 8.172342546119928011e+04 -5.682027596562501276e+04 -2.380509764068419827e+04 -4.650846110336319543e+04 -2.233547507099159338e+04 -1.054775065612121398e+04 -1.270971882487308176e+04 -3.026584629094299817e+04 -8.330172094486351853e+03 2.539058149101723029e+04 -4.615948789132630736e+03 -8.145187740197820858e+03 2.513328163300506276e+04 -1.018773376358814858e+04 3.118334027775552022e+04 2.023919777295920312e+03 -7.532184495061637790e+03 1.185793661108049128e+04 9.816203723754744715e+03 9.964582304664500043e+03 2.822123384111797350e+03 1.318194815970681702e+04 -1.176889737572595186e+04 7.137153315213245151e+03 5.547368226074799168e+03 -1.859375892441241740e+04 -1.104496145168233852e+04 1.179808864377350983e+04 3.536915808221937823e+03 1.568336113759610998e+04 -1.938372154437872496e+03 1.013655656711576739e+04 2.366931886397571361e+04 1.047026025730301444e+04
5.655611623066035827e+04 2.975290065323932868e+04 7.099394366033021652e+04 8.449713668242155109e+05 7.086080318682892539e+04 3.054375145775904912e+03 -1.619234662257233822e+03 -2.409476258916386996e+03 9.252340481161585558e+03 9.668835499796676231e+03 3.817097419573623483e+03 1.047797760423753607e+04 -8.135129040857227665e+02 1.364592545997560228e+04 -1.371617944337158860e+03 4.135485775412128532e+03 8.418932205677849197e+03 6.981806690763520237e+03 3.279132833769804165e+03 9.640082125054497737e+03 1.238225163822270133e+03 -1.236150252187487013e+03 3.364357163339120234e+03 3.375073985547315715e+03 4.956207474079545136e+03 2.733955373311298445e+03 7.199764221889610781e+03 1.125418256004660407e+03 3.209960018474771005e+03 6.134867191844680747e+03 -4.691265696207703968e+02 -1.271784597474185148e+03 -2.342415635400783231e+03 -1.373688135623907101e+03 -3.585710907913772189e+03 -3.025450392569815449e+03 -3.580855575049291019e+03 1.769465461235038902e+03 8.039871343482645170e+04 -6.012244889584896555e+03 -1.600811288098499936e+05 1.349616574669762340e+05 4.938393121802512906e+04 -6.488436573462130764e+04 2.550591469703211260e+04 2.466221148051288765e+04 1.601512307479311676e+04 -2.406465652810753818e+04 -5.552300251914971341e+03 1.949897219001933593e+02 3.461319136431189690e+04 4.008472673520359876e+03 1.283978517853483572e+04 1.948544244311470902e+04 -1.331754854032872390e+04 1.035343152446305430e+04 -7.102492602651790548e+03 9.221384111225452216e+03 -2.025753499639585425e+04 2.740996596855053667e+03 -3.683370599333354221e+03 7.146946089397393735e+03 2.163667998379755772e+03 -2.144182749635531763e+03 -5.275722738507830400e+03 -2.370210797126410398e+03 -2.716130613166702460e+03 -5.370158926333871932e+03 -8.196663671859714668e+03 -2.772651260713256306e+03 1.194134292277462191e+04 -2.123190672450777129e+03 -6.924568070720149990e+03 -2.697520509098935236e+03 4.027780304432070807e+03 1.264878605330049686e+04 -4.300052133348908392e+05 -1.723858692238121293e+05 9.948655191229672710e+02 5.488719518639760645e+04 -3.874372336607010766e+03 6.615068849554682674e+04 5.250921973958056333e+04 -2.495266175310127073e+04 5.027455471919381580e+02 2.992553884050748366e+03 -3.604777107637472454e+03 -3.404804658713563549e+04 -3.444668208544808294e+04 -3.593144990794394835e+04 -1.381688043677397400e+04 1.074213585369325665e+04 6.952836489126890228e+03 -3.080157461692416021e+01 -1.438564285594128887e+04 -1.397607799697927112e+04 1.818643807899425883e+04 3.028645153570760726e+02 -3.345430511297511202e+03 -3.091832091370583271e+02 6.002740537685881463e+03 1.673295478725918656e+04 -6.921869923251438195e+03 -1.824522181807521338e+04 3.135659361278661436e+03 -4.452889990367050359e+02 -1.526501044478677250e+04 -1.410565023230108181e+03 1.285931036512076025e+04 3.907854761637107913e+03 5.031408448046384478e+02 7.573330711111463643e+03 -2.401355163684058880e+03 1.448615741993508664e+03
1.842196817103250578e+04 5.811162298553243454e+04 -1.149478292854918664e+03 7.086080318682892539e+04 5.246745568925958360e+05 3.679005834190868336e+04 1.732022012450642069e+04 8.403601259959303206e+03 -9.232821337059046982e+02 2.561758292093664295e+03 1.086246211466098430e+04 2.283672706918341646e+03 5.306334755906720602e+03 -8.809664418319674724e+02 5.467911962240559660e+03 1.018463599330630132e+04 -2.086812143669183115e+03 8.650930632724461248e+03 3.435900962154292301e+03 8.584054791219257822e+03 1.643049032848463412e+03 -3.891525092764944475e+03 -3.632025160759939808e+03 -5.806940240438200362e+02 2.302680709225029204e+03 2.804366416567139822e+03 8.434384918827495312e+02 7.921217335108846100e+02 9.547679803992848520e+02 1.141203121361656258e+03 3.201590056348158214e+03 -3.547287174641468482e+03 2.392634596616910585e+03 3.339286220152891929e+03 1.226712571152664850e+03 -8.866226380411184209e+02 -1.956693188609110393e+03 -5.640612558601378623e+02 -1.262260090809615504e+05 2.379967176642142658e+04 -7.729548733902687673e+04 4.668972714156425354e+04 1.035839084020770533e+05 -6.771286577048058462e+03 -2.606177627371402559e+04 -1.697678589872545854e+04 -1.667949919042417605e+04 -1.776212263891389011e+04 -1.655982761180220768e+04 1.076987149704551121e+04 -6.278938942179673177e+03 -2.793732742071805478e+04 4.793232692898077403e+03 -1.408029568911879505e+04 2.292607385847484693e+04 3.580895350166868866e+03 1.189956475738923655e+04 -1.536532922509352375e+03 -5.144357994319176214e+03 -3.376557646895308153e+03 -3.177744253236723125e+03 6.048702838128162512e+03 -7.879700028352287518e+03 -1.463390488290305439e+04 -5.271464603397746487e+02 -3.032687184630480033e+02 -1.165556197636870337e+02 -4.821461635523971381e+03 1.162018623686308092e+04 6.151446475501340501e+03 3.420484611468845287e+03 1.231966270920220995e+04 5.390335654797043389e+03 -1.815324163322700088e+03 6.931495649664594566e+03 -3.656761061068070973e+01 3.205714262010942330e+05 8.792570821494748816e+04 3.943358027790684719e+04 7.121079261980415322e+04 4.092645248344547872e+04 -2.372928999933237719e+03 5.450912761223135021e+03 -3.024860466540222114e+04 -2.215092008101064857e+04 -1.118339874721582419e+03 5.132885699324326197e+03 -3.396985772218414695e+03 2.071361276820272906e+04 -1.221810296411909985e+04 7.485174528438539710e+03 1.332468686693140444e+04 6.522708792977817893e+02 -8.315875121676799608e+03 -6.720409806877597475e+03 -3.055347114347045590e+03 -2.172744374671940022e+04 -1.044970035666098920e+04 -1.152301878389477497e+04 -2.277452170426106022e+03 1.481855229747544627e+03 -8.149350999929907630e+03 -1.835751072876160470e+04 -1.948115312153692139e+04 -9.352068578034399252e+03 3.301320415673226762e+03 1.238083176310248382e+04 -6.837764170873007288e+02 7.960015668976224333e+03 4.151515258893383361e+03 2.145622926962363181e+03 3.269617371826404906e+03 -1.176966731092659529e+03 -7.535318035759572922e+03
-2.766554590762738371e+04 6.745305377146422688e+04 4.458434763717758324e+04 3.054375145775904912e+03 3.679005834190868336e+04 3.906726352312759846e+05 2.291208873537637191e+04 5.440982184519724797e+03 1.307363386979624011e+03 -3.155172745718739407e+03 2.943140062693184518e+03 5.492442857127155094e+02 -1.149957046359086377e+02 1.231599370089058903e+04 4.692458124880250580e+03 2.600966832023184907e+03 4.837024051678141404e+03 -3.911592479912652379e+03 1.891574715509209454e+03 2.982694698378431895e+03 -3.876185010834812488e+02 1.394836670450845304e+03 9.225916564737349290e+02 -3.102537497783915114e+03 2.414704604951997226e+03 -4.069307033983813653e+03 4.121159377316770360e+02 2.248308747211625814e+03 2.004152113968219169e+02 1.280584382016170821e+03 1.209005521634885838e+01 -8.736652510055829453e+02 -8.863336401519309220e+02 1.545520107803290166e+01 -4.845132263752387303e+02 1.834102122344513077e+02 8.516399466385940968e+02 -3.393918242182184713e+03 -1.268829313699580380e+05 2.516523925060192778e+04 3.367489527154038660e+04 -2.535768647699990470e+04 -4.376226725240782253e+04 4.022665166223904089e+04 1.029802638169725105e+04 -2.479470617922740712e+04 -7.369930332325735435e+03 -1.357590302979767876e+04 7.923853008453565053e+03 2.255533725561110987e+04 1.631900109312071436e+04 3.008837286078727175e+03 -8.355278672856729827e+03 -2.062648475058651911e+03 2.032837964568421967e+02 1.597204813883390443e+03 1.005646224100238578e+04 2.370651801259129115e+03 -1.096298964826736847e+04 -9.234034211368994875e+03 -1.810037379561850230e+03 1.203048059281930546e+04 -1.611722388602047431e+02 -7.089812094799710394e+03 9.421112848838819218e+02 5.078956202851783928e+03 -1.461693426369102099e+03 -3.000704315120935007e+03 -4.007338107625872453e+03 -2.437038703764314050e+03 8.918614124395660838e+03 3.085033428879302846e+03 -5.283265360413101916e+03 3.052192741470460533e+03 -1.245874852248969319e+03 -7.373239778483489317e+03 -3.169423904953920865e+05 1.604226918837590783e+05 -5.439052236685592652e+04 -6.884531036359295831e+04 5.995067387893309933e+04 2.253700726506647334e+04 1.079281977442705283e+04 -5.976181297683343473e+03 1.874154756032170917e+04 1.057367738080895106e+04 1.107948794505453770e+04 -2.456567677244921288e+04 2.645309173040867245e+04 9.909007389890679406e+03 -2.622371652209902095e+04 2.284092064951164866e+04 -9.558774463161615131e+03 9.139608839948356035e+03 3.189142758043606705e+02 -9.166854492438494617e+01 -2.073282771367883834e+04 -7.682649639215910611e+03 -7.484272908060426744e+03 1.032100633910423085e+03 9.439076465369967082e+02 2.565571305051057038e+02 -3.585767999433650857e+03 -2.921706938473756964e+03 -1.266355087312194337e+04 -3.506158753407971290e+03 1.327863326573925178e+03 9.019928145903151744e+03 -2.410304483569854710e+03 6.006714425190923066e+03 -2.409094009489155724e+03 -5.715481263327140368e+03 1.405482640611744216e+02 7.970732133660802674e+02
2.305504576125893800e+04 4.513550760943211935e+04 1.457985582219476782e+03 -1.619234662257233822e+03 1.732022012450642069e+04 2.291208873537637191e+04 2.348710823210485396e+05 2.059597172361631965e+04 5.348571399744902010e+03 5.738618724458702900e+02 6.975227419723984895e+03 5.460917242776223247e+03 -1.349551459837215816e+03 4.303212845860753987e+03 5.757920713622562289e+03 3.704417735101556445e+03 9.080220529136312280e+02 6.004554068156106950e+03 2.071550449033148311e+01 6.062369802968863723e+02 -2.911406744852159818e+02 -7.953581535069142205e+01 2.428001431971584225e+03 1.335946522371492847e+03 4.609232611628337963e+02 3.019833979383985934e+03 3.461470866209959695e+03 -2.874372750782092680e+02 9.958436602323151874e+02 -9.374088399740855948e+00 -8.086838929376026774e-01 -1.361334507452123489e+03 1.424363345871109686e+03 8.926124834892252693e+02 -2.780108807057490026e+02 -9.641179028716212542e+02 2.924333545184149674e+00 -1.485296462282930406e+03 -7.610970508240156050e+04 -1.333235135253129411e+05 -2.399434667530325532e+04 -1.637635821075042622e+04 -5.001852520748058851e+03 -3.758102245573062828e+04 4.112337423677823972e+04 -6.432007837132221539e+03 -1.289523655894561307e+04 5.315740634636754294e+02 -4.671486709690000680e+03 1.307866702958016867e+04 8.763913889695513717e+03 -8.574864663264057526e+03 -9.213181983800875514e+02 2.094444782186969860e+03 -2.266233412169176518e+03 -4.415111413704645202e+03 -1.924761572802969340e+03 -1.541445251423376135e+02 1.444285310029449192e+03 1.452959728659879374e+03 1.836789412172645370e+03 1.867626617448742763e+03 -1.160291623857580362e+03 3.614008079676003035e+03 6.258096211071978360e+03 4.729445581167047749e+03 -8.697770553045590702e+01 -1.102834065261269416e+03 -6.199086387880801112e+02 4.196368906426618196e+03 2.688818292891335204e+03 4.888985586222278812e+02 -2.795924097344714937e+03 2.039574427185854120e+03 1.873884855764306167e+03 3.000049735106939579e+02 -2.859344245610949001e+05 -1.958236756017985681e+04 1.682915333341326914e+03 4.328676065267702506e+04 4.063566600897492026e+04 -1.470190924783493938e+04 -1.821524764106149451e+04 5.616973662934556160e+03 -1.803191677325334967e+04 8.924074651835189798e+03 7.498760877468625949e+02 -1.610747669237884656e+04 1.731146907699720032e+04 -1.710905592955822840e+03 2.252869599814988032e+04 1.235924468526506462e+04 -4.856242914742333596e+03 2.152359972426242621e+03 6.462696594443255890e+03 5.895368705211754786e+03 -1.771161653892854883e+04 4.334087631405234475e+01 -7.537609562892707800e+03 8.203445926763009993e+03 -1.074246445720897464e+04 -2.534234841849495297e+03 3.503460914026519731e+03 -6.544126348917562609e+03 -9.689565730180490277e+00 -5.034941415544844858e+03 -5.617047814510337048e+03 -2.807159081471242189e+03 -5.079209018864938116e+03 6.786425769454172041e+03 2.175394068961610628e+03 4.982114856641933329e+03 2.587046451638694862e+02 3.555510143715654294e+02
-3.937161563930629927e+04 1.724288457361783685e+03 9.058961369392471170e+03 -2.409476258916386996e+03 8.403601259959303206e+03 5.440982184519724797e+03 2.059597172361631965e+04 1.815626217601329554e+05 2.563905527691815223e+04 6.342121042878207845e+03 2.713674980328840320e+03 3.380635922109852345e+03 4.643209697395758667e+03 9.425219608894783960e+03 4.659102435394378517e+03 5.670604720786462167e+03 6.462976758814468212e+02 4.806185067756355238e+03 1.744547776324909364e+03 1.801453793459597591e+03 5.943352947368748573e+01 -9.501083407241462737e+02 -1.398452492347693351e+03 -2.768461692331978270e+02 -2.227628695528995806e+01 -7.927651415642943675e+02 -4.631112631845732608e+02 4.733098419302478987e+02 1.366247090411334057e+03 -1.482122016338237472e+03 -5.835958949061365502e+02 -7.231246610810648008e+02 3.830105064222552755e+02 -8.304391420363231191e+02 -3.879206393151569614e+02 -6.093001401047047239e+02 -7.934912633803852486e+02 2.541120615699314271e+02 -2.165658266373874794e+05 -5.807919208072749461e+04 1.014497617145693221e+05 3.538498415427700093e+04 2.478217325157969026e+04 1.116335435591893201e+03 -2.141453095533068699e+04 2.148322755690681151e+04 1.506975420415921326e+04 2.013135149963009826e+04 -1.020035576799334649e+03 2.993688920836234956e+03 7.901306008544588622e+03 -2.847135048209015054e+02 4.149877350471486352e+03 -2.912912417953989916e+03 -1.780967630965333456e+03 2.405886862507809383e+03 2.899892470321058681e+03 2.654550304061747738e+03 -4.327286724979706378e+03 -4.703229844341623902e+03 8.848032319382031346e+03 9.299252528052218167e+02 1.258099770447792707e+03 1.408676727519748965e+03 6.799138736364286160e+03 -1.620128348197879404e+03 -2.128236242916885203e+03 -2.925336750086385564e+03 8.849956566257349095e+02 6.365842009514973370e+02 -5.529945365513262914e+03 1.680324395833142717e+03 -1.796829668702798983e+02 -9.433633757572002878e+02 3.126837846714421630e+03 -1.746968197680328672e+02 -1.154586138973393281e+04 1.113986492061851022e+05 3.746817587095675117e+04 5.872509801124261139e+04 -1.014297042335366496e+04 3.862948983981132187e+04 -1.615597282867732793e+04 5.427570599908855911e+03 5.032320566739405621e+01 -1.209503972391729076e+04 -1.529464564451188562e+04 1.553532226605001051e+04 2.185169770336948204e+04 1.510267319057838904e+04 1.544551435281918020e+04 -2.915444224302148541e+03 8.618273712550853816e+03 6.907499426860052836e+02 2.591184680211964860e+03 -7.749343072526750120e+02 -1.728141530140817395e+03 -4.667225237182827186e+03 -9.951152691271585354e+03 -3.180317667989724214e+03 -9.991541317429453557e+03 -1.016837748079833545e+03 2.419694588850457876e+03 1.412275186412287894e+03 -3.329965881111105773e+03 3.096244446294176214e+03 -2.657856794799723957e+03 9.241117865663791235e+03 -7.129386103655197985e+03 -3.192598585815676870e+03 4.598241115199609226e+02 3.708188916329094809e+03 -1.491495028986127181e+03 -1.900335936567177896e+03
-3.154276981340361453e+04 1.059537949680828024e+04 1.184894014790236497e+03 9.252340481161585558e+03 -9.232821337059046982e+02 1.307363386979624011e+03 5.348571399744902010e+03 2.563905527691815223e+04 1.488191843387674307e+05 1.508601418424008443e+04 1.157712517832046979e+04 4.990391817231051391e+03 6.204632086729369803e+03 5.290297289655380837e+02 5.312433418876638825e+03 1.242493979748781499e+02 1.201981489131588887e+03 -1.783635659711897688e+03 1.287970250825044559e+03 2.208654107926468441e+03 1.943240867097872297e+03 -4.124647103518388036e+01 8.093186151029559596e+02 -9.401222122058576360e+02 1.994077603836563185e+03 1.987806493342279737e+03 1.101578255302665866e+03 -4.363123687109045363e+02 1.081333046928093381e+03 2.463594091072945048e+03 1.038270891544315418e+03 -1.532922500930709703e+03 9.470884321268850670e+01 2.426838743036616506e+03 3.505470287334761110e+02 9.955568385685496651e+02 2.355489320785598466e+03 1.273856326153210603e+03 -1.555436611512195959e+05 -9.536133653794764541e+04 2.891260370085475734e+04 4.317656162410248726e+03 -2.042009825059931973e+04 -2.708266224653139216e+04 -1.592993229410182266e+03 -2.725547651281332219e+04 2.759398774767483701e+03 1.062215306130941826e+03 -9.494526689763739341e+03 -1.712561206201071855e+03 -1.105749013921866572e+04 7.437861977745535114e+03 2.403293026848300542e+03 -1.664967322007625171e+03 -3.346535772064489720e+03 -6.900444469536647375e+03 -1.810959849642362315e+03 3.636834570578977946e+03 4.516978106036949043e+02 3.530942706886366977e+03 1.781476791375623861e+03 -3.351197837219244207e+02 4.221288129557500724e+03 5.130685304046824967e+03 9.633043962714534700e+02 1.643016558425728135e+03 1.363137537876557417e+03 -5.779283837832595054e+02 -3.401150253599852022e+03 4.157624722803153645e+02 7.964896957859081112e+02 1.926588113665579840e+02 3.088514945403110232e+03 -6.150706099786663117e+02 2.074808764704423083e+03 2.842098477570548766e+03 -5.681592641265848215e+04 1.588449771722200967e+04 2.004058762579962422e+04 -3.448665746073391347e+04 -2.047633385913359916e+03 4.245312188255201909e+04 -1.740813720571214071e+04 -2.021948650291067679e+04 -7.394295194628106401e+03 4.565721526375921712e+03 4.463044718312607074e+03 -4.385358730721365646e+03 -2.849452235389742327e+03 4.302525742607883785e+01 -1.422606451447232394e+04 7.076488442298564223e+03 6.220137532402869510e+03 4.519188213147330316e+03 -9.206535538725975130e+02 -2.898289710702004868e+03 -6.022387435163162991e+03 -5.434401616196942086e+03 -8.861756236510747840e+03 -2.145061460240508495e+03 5.793584117436854285e+03 -1.104386812777538580e+04 -9.895921209839617916e+01 -2.713319358423070753e+03 2.084522036357589513e+03 6.216456566255437792e+03 -1.610893223997702989e+03 4.230954503049189952e+03 -3.997066474420730628e+03 -1.349154919997573188e+03 1.075217409223679851e+03 1.970623532365748360e+03 -3.097279183683701831e+03 2.267253071540949804e+03
-3.953844347543401818e+04 4.231035169530827989e+04 3.771812638622821396e+03 9.668835499796676231e+03 2.561758292093664295e+03 -3.155172745718739407e+03 5.738618724458702900e+02 6.342121042878207845e+03 1.508601418424008443e+04 1.043530937347244326e+05 1.314992831588943773e+04 6.529290147716073079e+03 4.258382994708877050e+03 5.130298038893385637e+03 1.651417539622141931e+03 -9.120948252744940419e+02 1.176112328574301955e+03 3.925105460932428741e+03 6.806538781787155585e+02 7.827338397122086917e+02 1.623024143823082568e+03 1.834618248943828121e+03 -1.094843791149243089e+03 3.821669869100059600e+02 1.480755669132573303e+03 1.097621558904180119e+03 3.059158899782351455e+03 -7.091785627548033517e+02 -2.320403216910146398e+02 2.820043176468399906e+03 3.072087391216594824e+03 -9.470475888593091440e+01 -4.258552524083228832e+02 1.868027925893420331e+02 -2.538946111759659914e+02 1.475677526355701275e+03 -4.034685463371681635e+01 -2.149109291641341770e+03 -1.528529164050832042e+05 3.716269817934688035e+04 3.897443926630896749e+04 7.797297781236954506e+03 -2.281569207695867954e+04 -1.663227801617666501e+03 1.348692984257443459e+04 6.966776994493399798e+03 -5.589626227118080351e+03 4.027334018035119698e+03 1.109104857041927062e+03 1.395134446236827443e+03 2.256735959262507549e+03 6.428032018408181102e+03 -7.018534054572583045e+03 2.351437698674688818e+03 -1.190162098748615563e+03 9.917042927800557663e+03 -3.245217097589543755e+03 1.875527856374839303e+03 3.008320311672197022e+03 1.261962345151235240e+03 4.266569512276413661e+03 4.744020397995667736e+03 2.980553321316453093e+03 5.528821936186342100e+03 3.325743240623405654e+02 6.493925232819276516e+02 3.439679037148696352e+02 1.756861033445715520e+03 -3.065925705875391941e+03 -3.776004211964076148e+03 -2.346276570598051876e+03 1.672667328835184890e+03 1.426296037033981293e+03 -5.065351697210015800e+02 9.467591169474926573e+02 -6.161622621321988618e+02 -1.195639875675327348e+05 2.747012378612143493e+03 -1.064747074384148436e+04 6.016635554902740296e+03 -2.834278715731412740e+04 -2.459654673473560979e+04 -2.270737955078956020e+03 -1.535833741196225128e+04 9.299559409766674435e+03 -8.877753466804188065e+03 -1.966275215228674369e+03 -1.071270837601288076e+04 -2.524519115339310247e+03 1.222992195378176439e+04 -1.599879196292060078e+04 2.247142885059296532e+03 4.409204999579256764e+03 6.052883010940267923e+03 -4.157562003904676203e+03 -2.940471216627253852e+03 -3.836703601062074085e+03 -2.594463704866476746e+03 -9.204472744101798298e+02 2.932191374988708048e+03 5.729549778611781363e+01 2.628949273113274216e+02 1.600536485093802412e+03 1.499212009991304058e+03 4.550435189181906026e+03 1.703284505938221173e+03 1.849751372362837856e+03 4.251995649969345550e+02 8.922932774739780371e+02 3.166383918635800910e+03 -1.026745294623250629e+03 1.048689765038725000e+03 -1.548569105531591276e+03 4.395220374871143576e+03
2.561399834556615679e+04 -3.432365180700156088e+03 1.771128016555067006e+03 3.817097419573623483e+03 1.086246211466098430e+04 2.943140062693184518e+03 6.975227419723984895e+03 2.713674980328840320e+03 1.157712517832046979e+04 1.314992831588943773e+04 8.807157498702801240e+04 9.406147848398935821e+03 1.159918202720237787e+03 1.744689290891723203e+03 2.422976897897653089e+03 3.014615431322190489e+03 -8.051330370026986429e+02 1.485212520755068226e+03 1.299042786826865722e+03 4.387324901654401401e+03 3.863416750443988803e+03 2.225895902275504795e+03 7.067511102816072253e+02 -1.089165059963772137e+03 1.460817151943812746e+02 6.945270553602306336e+02 3.409392655409317285e+02 3.625934232346667159e+02 1.312818593013789155e+02 -4.157209015106554162e+00 5.193840736931384754e+02 -1.985443595186064840e+02 1.070039986990805573e+03 1.863060607758271772e+03 -7.183836279947585979e+01 6.843798063063068184e+02 3.151772670253563433e+02 1.622780039984745315e+02 1.020554692427305417e+05 -3.614697035597696959e+04 -5.412297812918524869e+04 -1.229207134099953510e+04 -2.488728616787802093e+04 -1.940406311172390997e+04 -9.383572666501755521e+03 1.540239300566828206e+04 -9.645396584189384157e+03 7.301530837178070215e+03 1.503354016009501356e+04 8.609148809217240341e+03 -5.845125755300735364e+03 -2.830432373705866212e+03 7.734242747396260711e+03 6.482093902664063535e+03 -2.274525879796257868e+03 1.879460686364123148e+03 8.853127702506183994e+01 1.548569214728906672e+03 4.725535651813603977e+01 1.550624882476196944e+03 1.503822990377061842e+03 2.149651007209205090e+03 -7.927612302746564410e+02 -2.711937464063918014e+03 -2.406485966562676822e+03 -1.185460135670332647e+03 -3.439790818636966378e+03 -1.900179731352317731e+03 -5.048935159035304991e+02 -2.674756258040886678e+03 -1.188484903356585846e+03 3.079254250737003076e+03 4.719127928433726424e+02 3.785390624722643224e+03 -1.287061108696190388e+02 2.716106827088731279e+02 -1.245763572562740737e+05 -5.541326867373264395e+04 6.375707211878665248e+02 -3.141086646068561822e+04 2.582356780512629484e+04 -5.427503917601199646e+03 5.140403457783329941e+03 9.579094132034936138e+02 -1.078565526498285908e+04 -5.204404298485710569e+03 -3.771118882245492841e+03 -6.671257274419718669e+03 -2.755982079782594951e+02 9.097472253546773118e+02 -1.189422099064149961e+03 -1.937524642874373967e+03 1.327765013613143083e+03 2.462535275617565276e+03 -1.681323854297310390e+03 7.993024724941631575e+03 -8.645246974725450855e+03 -2.530535651152371429e+03 9.507035921175613566e+02 2.926474848907761952e+03 3.069380157203409908e+03 4.492116284753667514e+02 -3.452229583887434728e+03 -4.187525579975183518e+02 -1.591026980945352761e+03 8.042218655212699332e+02 1.773136510802792827e+03 3.218598848972955693e+03 2.428627338575441627e+03 -3.177623446852181587e+03 2.573100851377359959e+03 3.556584598676686710e+03 3.381503685511255298e+03 -8.051517034356097611e+02
1.648653318919261437e+04 -1.125824417686607376e+04 3.079051189850739684e+04 1.047797760423753607e+04 2.283672706918341646e+03 5.492442857127155094e+02 5.460917242776223247e+03 3.380635922109852345e+03 4.990391817231051391e+03 6.529290147716073079e+03 9.406147848398935821e+03 7.870131607196795812e+04 1.147776638722462667e+04 2.110368557109356516e+03 2.639248834588989894e+02 1.841966217406371470e+03 -7.766513509921066998e+02 1.551238595888367627e+03 1.957087745347886994e+03 1.083016596605151562e+03 2.817394571268047230e+02 1.220123829274833042e+03 -8.817764836956094996e+02 -2.566224255151153102e+02 1.783441846072147428e+03 1.455773822208439469e+03 7.378399966238215484e+02 -5.871850049701802163e+02 1.431178703201493363e+03 1.376752975034360134e+03 1.433006016468739517e+03 -2.029869243828795220e+02 1.200501432426069215e+02 -4.550706595193831276e+02 5.766074414013661453e+01 2.858739162184645011e+02 -5.904953137775233927e+02 6.221836993383766412e+02 -1.151620623377426091e+05 -3.937468987035385362e+04 2.939271981214331754e+04 1.508192523943457127e+04 -1.528902308110873946e+03 -9.986347199237703535e+03 -1.247673623509234858e+04 -3.210442946127232517e+03 4.202047081780548979e+03 1.919105789308040812e+03 5.520812741705916778e+03 -2.872144469591200391e+02 -4.292411671351296718e+03 3.007896349623303195e+03 4.861829665968046356e+03 2.751796968302231107e+03 -4.200642181665043040e+01 2.002493621591413103e+03 3.545294169405197522e+02 4.282288725016685021e+03 -2.050762825587774216e+02 7.197891590704973908e+01 1.510830343022098532e+03 -4.590644840963990646e+03 7.358797603492600956e+02 -3.669297433334257221e+03 -1.143519941675174778e+03 -1.168935395313523259e+03 -1.095024529383291110e+03 1.062786225229622687e+03 1.258434009376756194e+03 -2.339299650995667434e+02 -1.200275182385445987e+03 -1.770765629639299277e+03 -6.838248756240221837e+02 2.593980640986410435e+03 -7.254501285949883140e+02 -3.482147521466217768e+02 -3.514006935824203538e+04 2.295118013986851292e+04 -3.446145474730169553e+03 2.178456110646124944e+04 2.547680040023402762e+04 -7.513842196070698265e+03 -1.394528482189801252e+04 1.289792395824636333e+04 1.760841271386537846e+04 -7.780659947075976106e+02 8.480613792766265760e+03 7.780621928400034449e+03 1.121195028456028695e+03 3.837851151659071547e+03 1.124450926035270459e+04 8.331084721412122235e+03 1.880156957956530732e+03 5.848264534458596245e+03 1.878796984199778990e+03 8.571281008275784643e+02 -1.143690968507609614e+04 3.388100919489710350e+02 5.034460753824308995e+03 3.306659389018273032e+03 -2.611737213320373939e+03 3.586488856180445964e+03 2.167260591550847494e+03 1.405859251110328387e+03 4.823664436807160200e+03 -4.096657020798262238e+03 -2.828108946568549072e+03 5.231123756263940777e+03 5.676988678614018681e+03 -4.399514010116155873e+02 8.936521773763910232e+02 3.002963067099597538e+03 -2.957709730702973729e+02 -2.037738694920568037e+02
2.568390653469203244e+04 4.290032187857766388e+01 2.136439567894156062e+04 -8.135129040857227665e+02 5.306334755906720602e+03 -1.149957046359086377e+02 -1.349551459837215816e+03 4.643209697395758667e+03 6.204632086729369803e+03 4.258382994708877050e+03 1.159918202720237787e+03 1.147776638722462667e+04 6.463388571846843115e+04 1.015505709469968315e+04 5.124829423625285017e+03 3.052723082655408234e+03 1.920798989895046589e+03 7.638934146435852881e+02 6.343770132180525252e+02 2.576646670278983038e+03 2.594200185859382600e+03 1.374104869434559532e+03 2.460700412262242196e+02 -4.902822186566413620e+01 2.107524650797953655e+03 2.049589379403513249e+03 1.938887436101873163e+03 -3.523363790227534054e+01 8.878217759272338299e+02 4.726007977267425417e+02 1.585047262296780673e+03 2.782532889351452923e+02 8.995201215761968569e+02 1.151674921736311489e+03 4.891566137589920231e+02 4.320121342375088034e+02 -8.278897013723621967e+02 -2.052134609934944933e+02 -2.628737378647299556e+04 4.945044380506908055e+04 -1.613504335052837632e+04 1.057496123346313107e+04 5.111188818339096542e+03 1.657429505851262320e+03 -2.991890162452195455e+03 2.731169136788861124e+03 2.361714131992185685e+03 7.184196515438713504e+03 -7.666440739448859858e+03 8.636053832856571262e+02 1.140557906669515660e+03 -3.341992942862039399e+03 -3.178619185623111207e+03 -8.711955235909879775e+03 6.301837763235957937e+03 2.024000023471518716e+03 -2.946787072573806654e+03 1.624916495055322230e+03 -1.004379697309036146e+03 -4.543177426837256689e+02 3.563334058975166954e+03 1.976447684306053588e+03 3.070773915216539081e+02 1.914332565358432703e+02 2.811326625684060673e+03 1.075378205217968343e+03 -9.666047732380451407e+02 -1.233583176808020170e+02 2.509126776773534857e+02 2.414286854340747595e+03 3.130926562764241226e+03 1.603840302962940996e+03 -1.667454442498651360e+03 2.268228033852337376e+03 -1.501370981153823777e+03 3.595256403634424487e+02 7.958462248135454138e+04 5.177016883546383906e+04 -3.211534574124205028e+04 -3.061275048850855819e+04 -2.082322731407696847e+04 -6.574066784127954861e+02 1.180434327477788793e+04 6.765475710243878893e+03 -2.170303220823289848e+03 3.694153655573973538e+03 2.073922891666039050e+03 -6.451099588242186655e+03 -5.144227141580139460e+02 -4.428848262900766713e+03 5.474010864283000046e+03 1.959533204042177431e+03 2.254096472926986223e+02 -1.931625689946226430e+03 -6.700660936865546319e+03 1.033849042293055618e+03 -3.178440068053317646e+03 -2.154970480750760544e+03 1.808986795758848075e+03 4.190538160023521641e+01 -1.273569008349379828e+03 5.318039121827482631e+02 -3.446061776696071774e+03 -8.806322255726096273e+02 -5.202708172780152381e+03 7.343294766264024247e+02 2.483393335243875754e+03 3.274510359838257045e+03 1.322677403385466732e+02 1.610118082826503041e+03 5.423068602012971269e+02 -9.098167685819989856e+02 -5.362687212544655267e+03 4.150781239027502124e+03
